9606.68 3970.93 204 211
9611.2 3726.82 202 267
9622.22 4031.16 194 157
9603.93 3791.62 192 198
9613.61 3799.05 196 198
9630.92 3824.6 195 147
9629.65 3856.4 197 170
9613.38 3837.38 197 184
9604.99 3993.44 201 151
9662.11 3984.73 189 227
9618.46 3674.88 202 260
9600.54 3800.14 202 228
9623.48 4218.42 195 165
9605.59 3991.54 196 168
9609.95 3963.65 186 215
9616.33 3650.25 202 228
9606.45 3857.61 193 184
9633.7 4037.27 196 174
9645.26 4341.09 184 207
9609.37 3802.92 205 226
9606.39 4150.69 183 166
9600.06 4112.17 195 173
9685.42 3925.48 189 193
9655.15 4011.24 194 185
9673.4 4243.61 182 201
9607.86 3690.36 179 230
9631.27 4010.35 189 157
9613.02 3898.69 198 188
9614.55 3964.84 175 180
9601.03 4056.03 194 149
9601.64 3749.4 195 173
9606.26 3926.29 190 178
9605.82 3782.99 195 177
9606.58 3860.68 185 237
9614.2 4017.72 200 203
9620.48 3850.16 185 221
9638.92 3962.61 192 168
9615.23 3736.85 198 198
9603.96 3908.77 204 221
9605.41 3661.56 206 181
9603.47 3754.43 186 148
9604.62 3948.62 193 226
9645.94 3930.03 194 260
9602.16 3885.59 187 223
9637.65 3899.1 186 207
9603.66 4034.79 188 144
9712.34 3832.55 192 204
9604.37 4137.18 189 198
9623.45 3816.91 194 193
9607.12 3593.16 201 230
9602.2 4130.84 188 133
9607.72 4130.2 186 168
9627.74 4010.13 194 178
9602.54 4101.63 186 163
9627.74 3997.66 188 178
9606.45 3599.04 203 203
9610.25 4157.82 197 134
9604.35 3739.33 200 240
9616.69 3655.12 194 181
9623.69 4172.47 194 179
9625.25 4001.66 191 241
9615.62 4124.38 186 187
9608.31 4034.3 178 216
9665.91 3892.11 189 185
9617.15 3748.8 194 191
9627.15 3777.91 200 162
9626.89 4163.55 186 190
9615.49 3669.18 212 214
9607.23 4188.09 196 172
9670.63 3945.33 191 213
9606.91 3983.09 200 188
9605.12 3945.91 193 173
9601.55 4175.66 181 193
9601.86 3820.13 187 232
9641.7 3666.05 195 178
9601.97 4004.67 192 184
9666.87 3952.64 197 172
9656.74 4156.13 189 179
9602.43 3693.59 199 174
9601.61 3742.19 200 222
9612.79 4213.15 190 226
9609.77 4054.08 188 183
9608.03 3787.15 205 123
9630.92 3765.41 191 194
9612.98 3774.84 192 174
9706.1 4046.8 188 193
9621.02 4392.77 169 180
9613.88 4518.96 182 146
9600.23 4208.63 184 156
9614.69 4334.5 187 170
9633.13 4362.68 189 255
9617.88 3601.02 194 228
9608.25 3686.54 203 171
9628.3 4093.94 194 197
9602.21 3768.15 193 235
9611.27 3791.77 189 217
9710.63 3893.54 201 214
9606.37 3821.75 192 177
9604.65 4288.11 185 183
9654.91 4162.53 191 211
9610.44 4333.11 188 213
9613.62 4100.52 189 188
9605.62 4374.24 189 170
9607.63 4234.6 184 147
9604.31 3911.3 187 159
9607.7 3605.62 191 174
9606.99 3647.3 193 182
9617.75 3782.46 199 196
9623.09 4278.93 185 226
9623.19 3630.45 203 172
9620.61 3778.16 198 213
9600.86 4101.56 182 152
9616.13 3965.63 197 182
9620.62 3952.27 193 175
9606.37 4196.39 193 167
9622.32 3987.93 200 172
9600.59 3637.6 198 177
9631.5 4033.86 197 210
9600.05 3830.83 202 183
9663.17 3448.01 187 209
9635.83 3943.95 183 221
9648.29 3935.94 183 213
9613.36 3878.0 193 220
9604.6 3615.05 197 191
9630.75 4140.61 201 165
9607.45 3918.94 201 200
9612.42 3975.54 191 188
9605.02 3690.61 195 168
9614.36 3687.79 190 206
9614.36 3887.77 204 162
9609.92 4235.45 184 182
9648.55 3996.15 191 162
9613.97 3805.73 206 161
9609.34 3801.3 194 169
9602.49 3824.87 190 184
9627.47 4261.52 184 234
9602.86 3966.61 197 150
9639.6 4512.0 179 188
9625.45 4243.7 197 223
9607.05 3829.58 198 296
9607.22 3834.0 194 162
9615.48 3931.87 198 170
9605.49 3869.3 200 166
9606.35 3953.28 190 221
9600.61 3956.34 193 197
9617.82 3659.37 198 185
9632.64 3902.1 185 192
9621.0 3836.2 203 178
9621.94 3991.29 187 191
9600.41 3680.75 202 177
9609.42 3831.86 203 180
9612.49 3846.81 200 171
9607.61 3951.24 187 180
9611.32 4318.82 190 173
9642.97 3780.42 184 178
9605.17 3800.0 191 204
9613.03 3854.15 191 167
9621.81 3563.55 199 253
9689.33 3812.32 189 254
9603.75 3723.12 193 208
9618.82 4206.46 193 185
9608.83 3799.06 212 205
9620.75 3559.41 198 263
9620.34 4109.81 196 221
9603.35 4156.36 197 224
9603.51 3881.1 189 172
9605.81 3503.28 205 171
9657.16 3974.2 207 178
9653.12 4094.34 183 177
9614.39 3566.35 200 217
9635.28 3954.73 199 220
9608.58 3684.14 203 184
9605.64 3860.57 195 182
9622.76 3963.89 200 173
9614.82 4100.86 184 160
9605.46 3579.01 188 224
9603.96 3612.25 198 206
9623.5 3782.35 199 169
9618.2 3629.83 211 141
9600.18 4033.42 190 171
9600.75 4352.24 194 163
9609.88 3832.94 187 217
9606.02 4131.1 171 209
9613.62 4091.93 192 173
9604.11 3902.15 196 207
9627.56 3987.24 195 163
9604.41 4120.72 196 225
9637.94 4138.65 179 151
9636.52 4184.67 177 190
9601.13 4007.49 187 170
9633.09 3815.01 196 178
9600.93 3551.78 188 216
9644.64 4028.12 201 179
9638.77 4006.88 189 166
9606.37 4339.68 192 171
9600.75 3741.25 207 197
9622.81 3855.04 186 226
9618.48 4284.21 175 171
9608.73 3803.12 186 152
9603.2 3969.34 193 219
