9875.1 1208.01 71 994
9605.91 1205.02 74 659
10000.99 1195.38 75 576
9607.04 1248.71 66 774
9670.88 1294.63 73 625
9603.46 1158.83 60 396
9622.39 1797.77 76 495
9601.14 1522.18 80 535
9601.13 1413.08 74 540
9647.24 1523.6 74 568
9656.19 1410.19 70 804
9656.92 1402.09 84 459
9827.3 1144.04 61 542
9684.73 1366.43 69 596
9618.53 1741.57 81 354
9754.47 1273.22 63 435
9615.72 1356.56 78 410
9933.89 1291.43 71 525
9652.53 1512.37 65 523
10058.54 1707.34 67 463
9609.82 1410.23 72 596
9622.87 1704.78 81 313
9665.2 1945.11 78 384
9625.6 1778.57 68 465
9685.46 1415.28 78 407
9707.4 1208.71 67 1135
9609.07 1219.79 58 515
9768.68 1346.31 69 456
10113.15 1886.6 86 716
9602.81 1564.83 73 340
9646.36 1628.21 79 560
9850.91 1177.17 61 526
9627.18 878.84 57 579
9932.26 1567.47 69 597
9658.1 1720.49 62 602
9603.46 1359.24 61 608
9841.54 1469.43 69 363
9601.4 1433.2 66 564
9657.69 1592.06 78 731
9609.13 1446.81 62 930
9646.01 1446.08 71 499
9647.1 1368.96 68 403
9659.37 988.05 63 916
9661.98 1429.18 72 646
9611.29 1330.12 73 444
9676.16 1485.15 59 416
9746.27 1595.0 73 530
9634.51 1430.84 78 759
9612.78 1315.25 62 816
9603.8 1613.3 82 449
9625.54 1221.28 61 519
9606.68 1724.91 81 419
9754.32 1408.21 73 581
9765.0 840.21 53 1307
9612.81 1669.07 83 432
9784.63 1423.87 68 698
9660.59 1433.07 62 761
9614.39 1687.28 75 514
9608.06 1404.18 61 589
9719.29 1058.34 62 725
9622.97 1350.83 69 573
9898.53 1225.87 64 874
9624.98 1530.34 72 425
9617.42 1234.51 61 575
9656.28 1438.16 68 563
9754.95 1346.5 64 623
9658.98 1300.36 68 483
9604.2 1176.38 78 830
9658.14 1195.14 69 766
9627.52 1612.85 76 332
9772.13 1632.14 78 432
9736.08 1313.55 71 428
9670.74 1468.76 59 786
9641.26 1508.98 71 500
9758.42 1543.83 67 430
9630.16 1515.0 65 658
9601.16 1294.62 61 527
9602.38 1949.91 66 468
9620.76 1006.94 59 1083
9968.09 1230.29 63 600
9867.15 1520.77 73 462
9686.83 1802.02 76 574
9655.07 1300.29 58 663
9713.1 1142.04 71 558
9730.15 1291.83 72 783
9732.96 1354.78 66 416
9644.2 1535.47 61 402
9640.05 1460.71 78 282
9641.72 1600.1 71 358
9600.76 1237.45 69 352
9962.04 1698.13 69 735
9642.95 1668.69 71 406
9627.03 1834.42 75 504
9607.33 1620.66 75 444
9657.77 1244.58 61 395
9726.9 1358.05 82 496
9758.88 1788.57 80 356
9753.45 1164.67 61 801
9926.88 1343.69 61 585
9633.64 1441.63 68 560
9647.41 1422.5 69 504
9626.81 1797.23 78 486
9874.46 1558.28 63 466
9601.78 1164.29 66 920
9604.45 1813.67 74 338
9642.99 1621.16 78 662
9644.44 1394.9 66 628
9690.5 1456.14 69 466
9679.18 1317.28 60 993
9769.57 1253.41 68 827
9620.53 1460.19 76 397
9707.21 1308.21 65 590
9621.25 1216.01 64 589
9634.87 1562.96 82 548
9606.75 1177.53 70 525
9629.78 1242.32 63 663
9683.09 1350.48 56 799
9812.21 1456.2 83 409
9834.66 1177.03 67 716
9921.28 1255.83 61 693
9630.49 1680.96 73 577
9708.16 1537.09 63 621
9638.11 1309.25 64 462
9636.11 1201.83 71 487
9639.68 1658.92 74 431
9712.82 1201.47 64 847
9793.0 1660.31 83 347
9697.87 1144.34 64 984
9634.54 1223.51 71 405
9874.99 962.15 60 940
9643.84 2017.95 66 331
9687.75 1322.97 63 456
9601.35 1363.23 78 496
9712.47 1881.98 79 410
9647.41 1170.28 70 504
9860.14 1316.64 66 465
9656.0 1544.68 65 599
9740.44 1027.35 62 413
9633.98 1030.41 66 453
9604.26 1068.37 65 556
9626.8 1472.53 69 436
9652.78 1322.08 65 559
9716.7 1396.76 66 422
9616.14 1783.25 74 440
9666.65 1637.22 65 668
9614.78 1315.85 63 337
9751.1 1367.26 70 385
9780.2 1592.23 75 605
9740.01 1510.43 75 503
9632.42 1484.59 68 587
9637.68 1678.76 69 525
9659.18 1108.29 62 596
9659.29 1526.03 67 343
9710.39 969.68 58 903
9609.8 1567.47 72 723
9827.15 1243.49 68 766
9631.26 1166.4 74 585
9777.95 1552.14 81 499
9873.22 1648.84 69 570
9607.38 1744.31 69 654
9963.2 1670.32 83 454
9911.86 1198.81 62 530
9607.12 1360.19 77 452
9622.37 1274.42 65 577
9679.26 1503.06 69 577
9609.1 993.67 68 436
9909.6 1661.44 71 443
9613.76 1575.43 63 988
9857.81 1184.23 63 462
9810.78 1142.69 73 484
9603.75 1251.35 66 680
9770.54 1094.46 58 639
9665.92 1295.1 69 643
9720.02 1227.45 66 640
9725.34 1396.04 69 465
9618.86 1353.38 73 340
9731.97 1243.79 73 356
9617.18 1682.15 69 565
9687.75 1684.0 77 497
9618.55 1476.4 70 522
9653.73 1276.36 64 487
9612.7 1349.95 65 531
9681.01 1654.76 82 436
9681.57 1404.89 69 601
9603.38 1792.59 67 442
9623.45 1402.85 65 496
9649.45 1172.02 62 429
9706.41 1819.21 69 531
10029.13 1482.67 67 435
9655.58 1624.65 68 351
9636.12 1451.68 65 605
9605.22 1868.07 76 326
9641.37 1739.22 73 333
9868.89 1413.85 67 509
9629.69 1507.71 75 417
9602.27 1659.62 59 404
9639.98 849.95 57 955
9615.89 1421.92 80 701
9623.1 1212.58 73 426
9924.89 1121.18 74 592
